1.00000e-006 1.00000e+000 -1.00000e-006
6.00000e-006 1.00000e+000 -6.00000e-006
3.10000e-005 1.00000e+000 -3.10000e-005
1.56000e-004 1.00000e+000 -1.56000e-004
7.81000e-004 1.00000e+000 -7.81000e-004
3.90600e-003 9.99992e-001 -3.90599e-003
1.95310e-002 9.99809e-001 -1.95301e-002
9.76560e-002 9.95231e-001 -9.77279e-002
3.71860e-001 9.27996e-001 -4.13726e-001
5.20888e-001 8.45958e-001 -7.20975e-001
6.37869e-001 7.36005e-001 -1.22457e+000
7.30525e-001 5.86563e-001 -2.12461e+000
8.07784e-001 3.64395e-001 -3.87247e+000
8.53502e-001 1.44497e-001 -5.93221e+000
8.93760e-001 -1.49144e-001 -8.84781e+000
9.34019e-001 -5.79050e-001 -1.24966e+001
9.61723e-001 -9.50206e-001 -1.39745e+001
9.90364e-001 -1.33992e+000 -1.26796e+001
1.01560e+000 -1.61983e+000 -9.29271e+000
1.04083e+000 -1.80677e+000 -5.62587e+000
1.06607e+000 -1.91268e+000 -2.97386e+000
1.09260e+000 -1.96823e+000 -1.38598e+000
1.12066e+000 -1.99419e+000 -5.70881e-001
1.14984e+000 -2.00466e+000 -1.98913e-001
1.18231e+000 -2.00799e+000 -3.29631e-002
1.21900e+000 -2.00775e+000 3.36232e-002
1.26065e+000 -2.00577e+000 5.70397e-002
1.30829e+000 -2.00284e+000 6.42117e-002
1.36352e+000 -1.99923e+000 6.61741e-002
1.42869e+000 -1.99489e+000 6.67686e-002
1.50742e+000 -1.98962e+000 6.71161e-002
1.60554e+000 -1.98301e+000 6.74944e-002
1.73544e+000 -1.97421e+000 6.79990e-002
1.89093e+000 -1.96359e+000 6.86187e-002
2.04643e+000 -1.95287e+000 6.92572e-002
2.20192e+000 -1.94205e+000 6.99153e-002
2.35742e+000 -1.93113e+000 7.05939e-002
2.51291e+000 -1.92010e+000 7.12942e-002
2.66840e+000 -1.90896e+000 7.20175e-002
2.82473e+000 -1.89764e+000 7.27690e-002
2.98192e+000 -1.88614e+000 7.35507e-002
3.14012e+000 -1.87444e+000 7.43654e-002
3.29936e+000 -1.86253e+000 7.52156e-002
3.45969e+000 -1.85040e+000 7.61041e-002
3.62117e+000 -1.83804e+000 7.70340e-002
3.78385e+000 -1.82543e+000 7.80088e-002
3.94778e+000 -1.81256e+000 7.90325e-002
4.11303e+000 -1.79941e+000 8.01095e-002
4.27965e+000 -1.78596e+000 8.12448e-002
4.44772e+000 -1.77221e+000 8.24440e-002
4.61730e+000 -1.75812e+000 8.37136e-002
4.78847e+000 -1.74368e+000 8.50611e-002
4.96132e+000 -1.72885e+000 8.64950e-002
5.13593e+000 -1.71362e+000 8.80254e-002
5.31240e+000 -1.69794e+000 8.96640e-002
5.49085e+000 -1.68179e+000 9.14244e-002
5.67138e+000 -1.66511e+000 9.33231e-002
5.85413e+000 -1.64787e+000 9.53797e-002
6.03924e+000 -1.63001e+000 9.76179e-002
6.22689e+000 -1.61146e+000 1.00067e-001
6.41726e+000 -1.59216e+000 1.02763e-001
6.61056e+000 -1.57201e+000 1.05751e-001
6.80704e+000 -1.55091e+000 1.09089e-001
7.00698e+000 -1.52873e+000 1.12853e-001
7.21074e+000 -1.50531e+000 1.17143e-001
7.41873e+000 -1.48044e+000 1.22097e-001
7.63145e+000 -1.45386e+000 1.27905e-001
7.84955e+000 -1.42523e+000 1.34849e-001
8.07383e+000 -1.39406e+000 1.43354e-001
8.30539e+000 -1.35967e+000 1.54103e-001
8.54577e+000 -1.32100e+000 1.68282e-001
8.79721e+000 -1.27632e+000 1.88143e-001
9.06334e+000 -1.22248e+000 2.18633e-001
9.35078e+000 -1.15256e+000 2.73242e-001
9.67229e+000 -1.04677e+000 4.05563e-001
9.88101e+000 -9.42774e-001 6.23875e-001
1.00165e+001 -8.38575e-001 9.59488e-001
1.01222e+001 -7.09917e-001 1.55547e+000
1.02102e+001 -5.29360e-001 2.71811e+000
1.02703e+001 -3.19817e-001 4.45415e+000
1.03144e+001 -7.61349e-002 6.79252e+000
1.03536e+001 2.49638e-001 9.99393e+000
1.03929e+001 7.12762e-001 1.34516e+001
1.04199e+001 1.09156e+000 1.40869e+001
1.04472e+001 1.45129e+000 1.17955e+001
1.04745e+001 1.71847e+000 7.69672e+000
1.04985e+001 1.86237e+000 4.47732e+000
1.05224e+001 1.94194e+000 2.34776e+000
1.05505e+001 1.98675e+000 1.01176e+000
1.05785e+001 2.00538e+000 3.99583e-001
1.06085e+001 2.01257e+000 1.20992e-001
1.06422e+001 2.01429e+000 8.69826e-004
1.06804e+001 2.01328e+000 -4.50848e-002
1.07237e+001 2.01092e+000 -6.04354e-002
1.07736e+001 2.00777e+000 -6.49091e-002
1.08317e+001 2.00395e+000 -6.61193e-002
1.09008e+001 1.99937e+000 -6.65535e-002
1.09851e+001 1.99374e+000 -6.68892e-002
1.10919e+001 1.98658e+000 -6.72929e-002
1.12438e+001 1.97631e+000 -6.78780e-002
1.13957e+001 1.96595e+000 -6.84800e-002
1.15481e+001 1.95547e+000 -6.91015e-002
1.17008e+001 1.94487e+000 -6.97426e-002
1.18542e+001 1.93412e+000 -7.04069e-002
1.20084e+001 1.92321e+000 -7.10953e-002
1.21635e+001 1.91213e+000 -7.18101e-002
1.23195e+001 1.90087e+000 -7.25528e-002
1.24764e+001 1.88942e+000 -7.33256e-002
1.26343e+001 1.87778e+000 -7.41307e-002
1.27932e+001 1.86593e+000 -7.49705e-002
1.29533e+001 1.85387e+000 -7.58478e-002
1.31144e+001 1.84157e+000 -7.67656e-002
1.32767e+001 1.82903e+000 -7.77274e-002
1.34403e+001 1.81624e+000 -7.87368e-002
1.36052e+001 1.80317e+000 -7.97982e-002
1.37714e+001 1.78981e+000 -8.09163e-002
1.39391e+001 1.77615e+000 -8.20967e-002
1.41082e+001 1.76216e+000 -8.33457e-002
1.42789e+001 1.74782e+000 -8.46702e-002
1.44513e+001 1.73310e+000 -8.60787e-002
1.46254e+001 1.71799e+000 -8.75806e-002
1.48013e+001 1.70244e+000 -8.91872e-002
1.49792e+001 1.68642e+000 -9.09115e-002
1.51591e+001 1.66990e+000 -9.27691e-002
1.53412e+001 1.65282e+000 -9.47786e-002
1.55256e+001 1.63515e+000 -9.69626e-002
1.57126e+001 1.61680e+000 -9.93484e-002
1.59021e+001 1.59772e+000 -1.01970e-001
1.60946e+001 1.57782e+000 -1.04870e-001
1.62901e+001 1.55701e+000 -1.08102e-001
1.64890e+001 1.53515e+000 -1.11736e-001
1.66917e+001 1.51209e+000 -1.15865e-001
1.68984e+001 1.48766e+000 -1.20613e-001
1.71097e+001 1.46160e+000 -1.26155e-001
1.73262e+001 1.43359e+000 -1.32742e-001
1.75487e+001 1.40320e+000 -1.40748e-001
1.77780e+001 1.36981e+000 -1.50768e-001
1.80157e+001 1.33249e+000 -1.63808e-001
1.82637e+001 1.28976e+000 -1.81721e-001
1.85252e+001 1.23898e+000 -2.08395e-001
1.88056e+001 1.17475e+000 -2.53684e-001
1.91158e+001 1.08286e+000 -3.52024e-001
1.93804e+001 9.66376e-001 -5.64959e-001
1.95238e+001 8.67423e-001 -8.53722e-001
1.96364e+001 7.46345e-001 -1.36615e+000
1.97269e+001 5.85626e-001 -2.31796e+000
1.97987e+001 3.65703e-001 -4.04557e+000
1.98440e+001 1.38226e-001 -6.17791e+000
1.98837e+001 -1.62566e-001 -9.16262e+000
1.99234e+001 -5.99653e-001 -1.28144e+001
1.99507e+001 -9.72387e-001 -1.41744e+001
1.99788e+001 -1.35832e+000 -1.27118e+001
2.00038e+001 -1.63497e+000 -9.22624e+000
2.00288e+001 -1.81819e+000 -5.54795e+000
2.00538e+001 -1.92146e+000 -2.92225e+000
2.00805e+001 -1.97605e+000 -1.34291e+000
2.01083e+001 -2.00093e+000 -5.52530e-001
2.01373e+001 -2.01097e+000 -1.90619e-001
2.01697e+001 -2.01412e+000 -2.96218e-002
2.02063e+001 -2.01381e+000 3.46631e-002
2.02478e+001 -2.01181e+000 5.71508e-002
2.02953e+001 -2.00889e+000 6.40006e-002
2.03504e+001 -2.00530e+000 6.58669e-002
2.04154e+001 -2.00100e+000 6.64353e-002
2.04941e+001 -1.99576e+000 6.67739e-002
2.05922e+001 -1.98919e+000 6.71457e-002
2.07225e+001 -1.98040e+000 6.76434e-002
2.08769e+001 -1.96991e+000 6.82483e-002
2.10314e+001 -1.95933e+000 6.88712e-002
2.11858e+001 -1.94864e+000 6.95128e-002
2.13402e+001 -1.93786e+000 7.01741e-002
2.14946e+001 -1.92697e+000 7.08561e-002
2.16495e+001 -1.91594e+000 7.15622e-002
2.18052e+001 -1.90474e+000 7.22953e-002
2.19618e+001 -1.89336e+000 7.30575e-002
2.21193e+001 -1.88179e+000 7.38513e-002
2.22779e+001 -1.87001e+000 7.46790e-002
2.24375e+001 -1.85802e+000 7.55431e-002
2.25983e+001 -1.84581e+000 7.64467e-002
2.27602e+001 -1.83335e+000 7.73930e-002
2.29234e+001 -1.82065e+000 7.83856e-002
2.30878e+001 -1.80767e+000 7.94287e-002
2.32535e+001 -1.79442e+000 8.05268e-002
2.34207e+001 -1.78086e+000 8.16853e-002
2.35893e+001 -1.76698e+000 8.29100e-002
2.37595e+001 -1.75277e+000 8.42078e-002
2.39313e+001 -1.73818e+000 8.55866e-002
2.41048e+001 -1.72321e+000 8.70553e-002
2.42801e+001 -1.70781e+000 8.86247e-002
2.44573e+001 -1.69196e+000 9.03071e-002
2.46365e+001 -1.67561e+000 9.21171e-002
2.48178e+001 -1.65873e+000 9.40723e-002
2.50014e+001 -1.64127e+000 9.61938e-002
2.51875e+001 -1.62316e+000 9.85070e-002
2.53761e+001 -1.60434e+000 1.01044e-001
2.55675e+001 -1.58473e+000 1.03843e-001
2.57620e+001 -1.56424e+000 1.06954e-001
2.59597e+001 -1.54276e+000 1.10442e-001
2.61611e+001 -1.52013e+000 1.14389e-001
2.63664e+001 -1.49619e+000 1.18909e-001
2.65760e+001 -1.47072e+000 1.24155e-001
2.67907e+001 -1.44342e+000 1.30350e-001
2.70110e+001 -1.41391e+000 1.37816e-001
2.72379e+001 -1.38163e+000 1.47061e-001
2.74725e+001 -1.34578e+000 1.58915e-001
2.77167e+001 -1.30512e+000 1.74864e-001
2.79731e+001 -1.25751e+000 1.97874e-001
2.82462e+001 -1.19882e+000 2.34918e-001
2.85445e+001 -1.11918e+000 3.07366e-001
2.88803e+001 -9.87626e-001 5.16864e-001
2.90246e+001 -8.98140e-001 7.52084e-001
2.91458e+001 -7.84232e-001 1.18642e+000
2.92413e+001 -6.38701e-001 1.97101e+000
2.93417e+001 -3.49825e-001 4.18542e+000
2.93844e+001 -1.30580e-001 6.25316e+000
2.94241e+001 1.73283e-001 9.26656e+000
2.94637e+001 6.13744e-001 1.29028e+001
2.94910e+001 9.87467e-001 1.41793e+001
2.95190e+001 1.36998e+000 1.26101e+001
2.95440e+001 1.64408e+000 9.07076e+000
2.95691e+001 1.82406e+000 5.41007e+000
2.95942e+001 1.92476e+000 2.83111e+000
2.96213e+001 1.97815e+000 1.27846e+000
2.96491e+001 2.00179e+000 5.23469e-001
2.96783e+001 2.01130e+000 1.77286e-001
2.97109e+001 2.01417e+000 2.40292e-002
2.97477e+001 2.01373e+000 -3.67265e-002
2.97895e+001 2.01166e+000 -5.78129e-002
2.98374e+001 2.00871e+000 -6.41863e-002
2.98930e+001 2.00508e+000 -6.59173e-002
2.99587e+001 2.00073e+000 -6.64566e-002
3.00383e+001 1.99542e+000 -6.67932e-002
3.01378e+001 1.98876e+000 -6.71699e-002
3.02709e+001 1.97978e+000 -6.76789e-002
3.04242e+001 1.96936e+000 -6.82804e-002
3.05775e+001 1.95885e+000 -6.88996e-002
3.07307e+001 1.94824e+000 -6.95373e-002
3.08840e+001 1.93753e+000 -7.01944e-002
3.10381e+001 1.92667e+000 -7.08755e-002
3.11929e+001 1.91564e+000 -7.15817e-002
3.13486e+001 1.90444e+000 -7.23154e-002
3.15052e+001 1.89305e+000 -7.30785e-002
3.16628e+001 1.88147e+000 -7.38732e-002
3.18214e+001 1.86969e+000 -7.47018e-002
3.19810e+001 1.85770e+000 -7.55669e-002
3.21418e+001 1.84547e+000 -7.64716e-002
3.23038e+001 1.83301e+000 -7.74191e-002
3.24670e+001 1.82030e+000 -7.84130e-002
3.26314e+001 1.80732e+000 -7.94575e-002
3.27972e+001 1.79406e+000 -8.05572e-002
3.29644e+001 1.78049e+000 -8.17174e-002
3.31331e+001 1.76660e+000 -8.29440e-002
3.33033e+001 1.75238e+000 -8.42439e-002
3.34751e+001 1.73778e+000 -8.56249e-002
3.36486e+001 1.72280e+000 -8.70963e-002
3.38240e+001 1.70739e+000 -8.86685e-002
3.40012e+001 1.69152e+000 -9.03541e-002
3.41805e+001 1.67517e+000 -9.21678e-002
3.43619e+001 1.65827e+000 -9.41272e-002
3.45456e+001 1.64079e+000 -9.62535e-002
3.47317e+001 1.62266e+000 -9.85723e-002
3.49204e+001 1.60382e+000 -1.01115e-001
3.51119e+001 1.58419e+000 -1.03922e-001
3.53065e+001 1.56368e+000 -1.07043e-001
3.55043e+001 1.54216e+000 -1.10542e-001
3.57057e+001 1.51950e+000 -1.14503e-001
3.59111e+001 1.49553e+000 -1.19040e-001
3.61209e+001 1.47001e+000 -1.24309e-001
3.63357e+001 1.44266e+000 -1.30532e-001
3.65562e+001 1.41308e+000 -1.38039e-001
3.67832e+001 1.38071e+000 -1.47341e-001
3.70181e+001 1.34476e+000 -1.59282e-001
3.72626e+001 1.30394e+000 -1.75373e-001
3.75194e+001 1.25610e+000 -1.98641e-001
3.77930e+001 1.19701e+000 -2.36243e-001
3.80922e+001 1.11655e+000 -3.10323e-001
3.84288e+001 9.82767e-001 -5.27459e-001
3.85692e+001 8.94031e-001 -7.65035e-001
3.86895e+001 7.78824e-001 -1.21099e+000
3.87842e+001 6.31378e-001 -2.01704e+000
3.88835e+001 3.38933e-001 -4.28230e+000
3.89258e+001 1.16848e-001 -6.38865e+000
3.89653e+001 -1.92231e-001 -9.44935e+000
3.90048e+001 -6.38104e-001 -1.30498e+001
3.90320e+001 -1.01367e+000 -1.41772e+001
3.90598e+001 -1.39033e+000 -1.24238e+001
3.90882e+001 -1.68708e+000 -8.29968e+000
3.91118e+001 -1.84243e+000 -4.96985e+000
3.91355e+001 -1.93062e+000 -2.66784e+000
3.91642e+001 -1.98261e+000 -1.14102e+000
3.91929e+001 -2.00404e+000 -4.46481e-001
3.92226e+001 -2.01211e+000 -1.42132e-001
3.92558e+001 -2.01427e+000 -9.47504e-003
3.92934e+001 -2.01347e+000 4.20165e-002
3.93362e+001 -2.01122e+000 5.94847e-002
3.93852e+001 -2.00815e+000 6.46494e-002
3.94422e+001 -2.00441e+000 6.60453e-002
3.95100e+001 -1.99992e+000 6.65153e-002
3.95923e+001 -1.99443e+000 6.68500e-002
3.96960e+001 -1.98748e+000 6.72421e-002
3.98389e+001 -1.97783e+000 6.77905e-002
3.99898e+001 -1.96756e+000 6.83857e-002
4.01406e+001 -1.95720e+000 6.89982e-002
4.02933e+001 -1.94661e+000 6.96363e-002
4.04464e+001 -1.93590e+000 7.02957e-002
4.06006e+001 -1.92501e+000 7.09804e-002
4.07555e+001 -1.91396e+000 7.16905e-002
4.09113e+001 -1.90273e+000 7.24285e-002
4.10680e+001 -1.89132e+000 7.31962e-002
4.12258e+001 -1.87971e+000 7.39958e-002
4.13845e+001 -1.86790e+000 7.48297e-002
4.15444e+001 -1.85587e+000 7.57007e-002
4.17053e+001 -1.84361e+000 7.66116e-002
4.18675e+001 -1.83111e+000 7.75658e-002
4.20308e+001 -1.81836e+000 7.85671e-002
4.21955e+001 -1.80534e+000 7.96196e-002
4.23615e+001 -1.79203e+000 8.07281e-002
4.25289e+001 -1.77842e+000 8.18978e-002
4.26978e+001 -1.76448e+000 8.31350e-002
4.28682e+001 -1.75020e+000 8.44466e-002
4.30403e+001 -1.73555e+000 8.58406e-002
4.32141e+001 -1.72050e+000 8.73264e-002
4.33898e+001 -1.70503e+000 8.89149e-002
4.35673e+001 -1.68909e+000 9.06188e-002
4.37469e+001 -1.67266e+000 9.24533e-002
4.39286e+001 -1.65568e+000 9.44364e-002
4.41127e+001 -1.63810e+000 9.65899e-002
4.42991e+001 -1.61987e+000 9.89403e-002
4.44883e+001 -1.60092e+000 1.01520e-001
4.46802e+001 -1.58116e+000 1.04371e-001
4.48752e+001 -1.56050e+000 1.07544e-001
4.50736e+001 -1.53882e+000 1.11107e-001
4.52756e+001 -1.51598e+000 1.15146e-001
4.54816e+001 -1.49179e+000 1.19782e-001
4.56922e+001 -1.46601e+000 1.25179e-001
4.59078e+001 -1.43835e+000 1.31571e-001
4.61292e+001 -1.40839e+000 1.39310e-001
4.63573e+001 -1.37555e+000 1.48945e-001
4.65935e+001 -1.33896e+000 1.61390e-001
4.68396e+001 -1.29725e+000 1.78312e-001
4.70986e+001 -1.24807e+000 2.03114e-001
4.73753e+001 -1.18665e+000 2.44105e-001
4.76796e+001 -1.10116e+000 3.28460e-001
4.79677e+001 -9.82891e-001 5.27185e-001
4.81187e+001 -8.86050e-001 7.90753e-001
4.82360e+001 -7.69866e-001 1.25249e+000
4.83294e+001 -6.18978e-001 2.09634e+000
4.84149e+001 -3.71224e-001 3.99736e+000
4.84592e+001 -1.52822e-001 6.03469e+000
4.84991e+001 1.42894e-001 8.97083e+000
4.85390e+001 5.74835e-001 1.26530e+001
4.85665e+001 9.47500e-001 1.41566e+001
4.85949e+001 1.33940e+000 1.28688e+001
4.86198e+001 1.62015e+000 9.47321e+000
4.86447e+001 1.80862e+000 5.77002e+000
4.86696e+001 1.91608e+000 3.07009e+000
4.86957e+001 1.97269e+000 1.44515e+000
4.87235e+001 1.99958e+000 5.97776e-001
4.87523e+001 2.01046e+000 2.11437e-001
4.87844e+001 2.01402e+000 3.84257e-002
4.88206e+001 2.01392e+000 -3.13836e-002
4.88616e+001 2.01202e+000 -5.60876e-002
4.89086e+001 2.00917e+000 -6.36999e-002
4.89629e+001 2.00563e+000 -6.57858e-002
4.90270e+001 2.00139e+000 -6.64029e-002
4.91043e+001 1.99625e+000 -6.67456e-002
4.92005e+001 1.98981e+000 -6.71107e-002
4.93271e+001 1.98129e+000 -6.75931e-002
4.94836e+001 1.97065e+000 -6.82051e-002
4.96402e+001 1.95992e+000 -6.88357e-002
4.97968e+001 1.94909e+000 -6.94855e-002
4.99534e+001 1.93816e+000 -7.01554e-002
5.01100e+001 1.92712e+000 -7.08466e-002
5.02666e+001 1.91597e+000 -7.15602e-002
5.04232e+001 1.90471e+000 -7.22975e-002
5.05799e+001 1.89332e+000 -7.30605e-002
5.07375e+001 1.88174e+000 -7.38547e-002
5.08961e+001 1.86996e+000 -7.46825e-002
5.10558e+001 1.85797e+000 -7.55468e-002
5.12165e+001 1.84575e+000 -7.64506e-002
5.13785e+001 1.83330e+000 -7.73971e-002
5.15416e+001 1.82059e+000 -7.83899e-002
5.17060e+001 1.80762e+000 -7.94332e-002
5.18718e+001 1.79436e+000 -8.05316e-002
5.20389e+001 1.78080e+000 -8.16903e-002
5.22076e+001 1.76692e+000 -8.29153e-002
5.23778e+001 1.75270e+000 -8.42135e-002
5.25495e+001 1.73812e+000 -8.55926e-002
5.27230e+001 1.72314e+000 -8.70617e-002
5.28984e+001 1.70774e+000 -8.86315e-002
5.30756e+001 1.69189e+000 -9.03144e-002
5.32548e+001 1.67554e+000 -9.21250e-002
5.34361e+001 1.65866e+000 -9.40809e-002
5.36198e+001 1.64119e+000 -9.62031e-002
5.38058e+001 1.62308e+000 -9.85172e-002
5.39945e+001 1.60426e+000 -1.01055e-001
5.41859e+001 1.58465e+000 -1.03855e-001
5.43804e+001 1.56415e+000 -1.06968e-001
5.45781e+001 1.54266e+000 -1.10457e-001
5.47795e+001 1.52003e+000 -1.14407e-001
5.49848e+001 1.49609e+000 -1.18929e-001
5.51945e+001 1.47061e+000 -1.24179e-001
5.54092e+001 1.44330e+000 -1.30378e-001
5.56295e+001 1.41378e+000 -1.37851e-001
5.58564e+001 1.38149e+000 -1.47105e-001
5.60911e+001 1.34562e+000 -1.58972e-001
5.63353e+001 1.30494e+000 -1.74943e-001
5.65918e+001 1.25729e+000 -1.97993e-001
5.68649e+001 1.19854e+000 -2.35123e-001
5.71633e+001 1.11877e+000 -3.07823e-001
5.74993e+001 9.86871e-001 -5.18493e-001
5.76430e+001 8.97506e-001 -7.54068e-001
5.77641e+001 7.83396e-001 -1.19020e+000
5.78594e+001 6.37573e-001 -1.97806e+000
5.79597e+001 3.48155e-001 -4.20022e+000
5.80023e+001 1.28478e-001 -6.27387e+000
5.80419e+001 -1.76169e-001 -9.29450e+000
5.80816e+001 -6.17445e-001 -1.29256e+001
5.81088e+001 -9.91500e-001 -1.41799e+001
5.81368e+001 -1.37312e+000 -1.25822e+001
5.81619e+001 -1.64671e+000 -9.02542e+000
5.81870e+001 -1.82585e+000 -5.36777e+000
5.82121e+001 -1.92581e+000 -2.80192e+000
5.82394e+001 -1.97883e+000 -1.25761e+000
5.82672e+001 -2.00207e+000 -5.14002e-001
5.82964e+001 -2.01140e+000 -1.72951e-001
5.83291e+001 -2.01418e+000 -2.22190e-002
5.83660e+001 -2.01370e+000 3.73908e-002
5.84079e+001 -2.01161e+000 5.80250e-002
5.84559e+001 -2.00864e+000 6.42454e-002
5.85117e+001 -2.00500e+000 6.59335e-002
5.85776e+001 -2.00063e+000 6.64636e-002
5.86575e+001 -1.99531e+000 6.67997e-002
5.87575e+001 -1.98861e+000 6.71781e-002
5.88916e+001 -1.97957e+000 6.76912e-002
5.90446e+001 -1.96917e+000 6.82917e-002
5.91975e+001 -1.95868e+000 6.89098e-002
5.93506e+001 -1.94808e+000 6.95469e-002
5.95038e+001 -1.93738e+000 7.02041e-002
5.96578e+001 -1.92651e+000 7.08854e-002
5.98127e+001 -1.91548e+000 7.15920e-002
5.99684e+001 -1.90428e+000 7.23262e-002
6.01250e+001 -1.89289e+000 7.30897e-002
6.02826e+001 -1.88131e+000 7.38848e-002
6.04412e+001 -1.86952e+000 7.47139e-002
6.06009e+001 -1.85752e+000 7.55796e-002
6.07617e+001 -1.84530e+000 7.64849e-002
6.09237e+001 -1.83283e+000 7.74330e-002
6.10869e+001 -1.82012e+000 7.84276e-002
6.12513e+001 -1.80713e+000 7.94729e-002
6.14171e+001 -1.79386e+000 8.05734e-002
6.15844e+001 -1.78029e+000 8.17345e-002
6.17530e+001 -1.76640e+000 8.29621e-002
6.19233e+001 -1.75217e+000 8.42630e-002
6.20951e+001 -1.73757e+000 8.56453e-002
6.22687e+001 -1.72258e+000 8.71180e-002
6.24441e+001 -1.70717e+000 8.86918e-002
6.26213e+001 -1.69129e+000 9.03791e-002
6.28006e+001 -1.67493e+000 9.21948e-002
6.29821e+001 -1.65803e+000 9.41564e-002
6.31658e+001 -1.64053e+000 9.62852e-002
6.33519e+001 -1.62240e+000 9.86070e-002
6.35407e+001 -1.60355e+000 1.01154e-001
6.37322e+001 -1.58391e+000 1.03965e-001
6.39268e+001 -1.56338e+000 1.07090e-001
6.41247e+001 -1.54185e+000 1.10595e-001
6.43262e+001 -1.51917e+000 1.14563e-001
6.45317e+001 -1.49517e+000 1.19110e-001
6.47415e+001 -1.46963e+000 1.24390e-001
6.49564e+001 -1.44225e+000 1.30630e-001
6.51770e+001 -1.41264e+000 1.38158e-001
6.54041e+001 -1.38023e+000 1.47491e-001
6.56391e+001 -1.34421e+000 1.59478e-001
6.58837e+001 -1.30332e+000 1.75645e-001
6.61407e+001 -1.25535e+000 1.99052e-001
6.64146e+001 -1.19605e+000 2.36956e-001
6.67143e+001 -1.11513e+000 3.11925e-001
6.70512e+001 -9.80154e-001 5.33255e-001
6.71897e+001 -8.91794e-001 7.72168e-001
6.73095e+001 -7.75895e-001 1.22445e+000
6.74037e+001 -6.27383e-001 2.04240e+000
6.75024e+001 -3.32938e-001 4.33595e+000
6.75445e+001 -1.09269e-001 6.46360e+000
6.75840e+001 2.02781e-001 9.55051e+000
6.76234e+001 6.51739e-001 1.31287e+001
6.76505e+001 1.02746e+000 1.41705e+001
6.76782e+001 1.40096e+000 1.23218e+001
6.77059e+001 1.68824e+000 8.27795e+000
6.77295e+001 1.84316e+000 4.95206e+000
6.77532e+001 1.93103e+000 2.65631e+000
6.77820e+001 1.98291e+000 1.13161e+000
6.78108e+001 2.00421e+000 4.40665e-001
6.78406e+001 2.01217e+000 1.39495e-001
6.78738e+001 2.01427e+000 8.39535e-003
6.79115e+001 2.01345e+000 -4.24040e-002
6.79543e+001 2.01119e+000 -5.96056e-002
6.80034e+001 2.00811e+000 -6.46825e-002
6.80606e+001 2.00436e+000 -6.60547e-002
6.81285e+001 1.99986e+000 -6.65200e-002
6.82111e+001 1.99435e+000 -6.68546e-002
6.83152e+001 1.98737e+000 -6.72481e-002
6.84590e+001 1.97766e+000 -6.78003e-002
6.86097e+001 1.96740e+000 -6.83952e-002
6.87605e+001 1.95703e+000 -6.90078e-002
6.89132e+001 1.94645e+000 -6.96461e-002
6.90663e+001 1.93574e+000 -7.03059e-002
6.92204e+001 1.92485e+000 -7.09908e-002
6.93754e+001 1.91380e+000 -7.17014e-002
6.95312e+001 1.90256e+000 -7.24398e-002
6.96880e+001 1.89115e+000 -7.32080e-002
6.98457e+001 1.87954e+000 -7.40081e-002
7.00045e+001 1.86772e+000 -7.48425e-002
7.01643e+001 1.85569e+000 -7.57140e-002
7.03253e+001 1.84343e+000 -7.66256e-002
7.04875e+001 1.83092e+000 -7.75805e-002
7.06509e+001 1.81817e+000 -7.85825e-002
7.08155e+001 1.80514e+000 -7.96358e-002
7.09815e+001 1.79183e+000 -8.07452e-002
7.11490e+001 1.77821e+000 -8.19159e-002
7.13179e+001 1.76427e+000 -8.31542e-002
7.14884e+001 1.74998e+000 -8.44669e-002
7.16605e+001 1.73533e+000 -8.58622e-002
7.18343e+001 1.72027e+000 -8.73495e-002
7.20100e+001 1.70479e+000 -8.89396e-002
7.21875e+001 1.68885e+000 -9.06454e-002
7.23672e+001 1.67241e+000 -9.24819e-002
7.25489e+001 1.65542e+000 -9.44674e-002
7.27330e+001 1.63783e+000 -9.66237e-002
7.29195e+001 1.61959e+000 -9.89773e-002
7.31087e+001 1.60063e+000 -1.01561e-001
7.33007e+001 1.58086e+000 -1.04416e-001
7.34958e+001 1.56018e+000 -1.07595e-001
7.36942e+001 1.53849e+000 -1.11163e-001
7.38962e+001 1.51563e+000 -1.15211e-001
7.41023e+001 1.49141e+000 -1.19857e-001
7.43129e+001 1.46561e+000 -1.25267e-001
7.45286e+001 1.43792e+000 -1.31677e-001
7.47501e+001 1.40792e+000 -1.39440e-001
7.49783e+001 1.37503e+000 -1.49108e-001
7.52147e+001 1.33837e+000 -1.61606e-001
7.54610e+001 1.29658e+000 -1.78614e-001
7.57201e+001 1.24725e+000 -2.03578e-001
7.59972e+001 1.18559e+000 -2.44934e-001
7.63020e+001 1.09955e+000 -3.30433e-001
7.65879e+001 9.81484e-001 -5.30297e-001
7.67382e+001 8.84466e-001 -7.95946e-001
7.68551e+001 7.67864e-001 -1.26190e+000
7.69482e+001 6.16202e-001 -2.11433e+000
7.70320e+001 3.72828e-001 -3.98339e+000
7.70765e+001 1.54277e-001 -6.02045e+000
7.71164e+001 -1.40916e-001 -8.95147e+000
7.71564e+001 -5.72303e-001 -1.26361e+001
7.71839e+001 -9.44976e-001 -1.41541e+001
7.72123e+001 -1.33749e+000 -1.28841e+001
7.72372e+001 -1.61817e+000 -9.50556e+000
7.72620e+001 -1.80707e+000 -5.80565e+000
7.72868e+001 -1.91507e+000 -3.09766e+000
7.73128e+001 -1.97207e+000 -1.46381e+000
7.73407e+001 -1.99934e+000 -6.05887e-001
7.73694e+001 -2.01037e+000 -2.15174e-001
7.74014e+001 -2.01400e+000 -4.00150e-002
7.74375e+001 -2.01394e+000 3.07877e-002
7.74785e+001 -2.01205e+000 5.58931e-002
7.75254e+001 -2.00921e+000 6.36446e-002
7.75796e+001 -2.00569e+000 6.57709e-002
7.76436e+001 -2.00146e+000 6.63972e-002
7.77207e+001 -1.99633e+000 6.67408e-002
7.78165e+001 -1.98991e+000 6.71048e-002
7.79424e+001 -1.98143e+000 6.75846e-002
7.80995e+001 -1.97077e+000 6.81982e-002
7.82565e+001 -1.96001e+000 6.88305e-002
7.84136e+001 -1.94915e+000 6.94820e-002
7.85706e+001 -1.93819e+000 7.01538e-002
7.87277e+001 -1.92711e+000 7.08470e-002
7.88847e+001 -1.91593e+000 7.15628e-002
7.90418e+001 -1.90463e+000 7.23024e-002
7.91988e+001 -1.89322e+000 7.30672e-002
7.93565e+001 -1.88164e+000 7.38619e-002
7.95151e+001 -1.86986e+000 7.46901e-002
7.96748e+001 -1.85786e+000 7.55548e-002
7.98355e+001 -1.84564e+000 7.64589e-002
7.99975e+001 -1.83319e+000 7.74058e-002
8.01606e+001 -1.82048e+000 7.83991e-002
8.03251e+001 -1.80750e+000 7.94428e-002
8.04908e+001 -1.79424e+000 8.05418e-002
8.06580e+001 -1.78068e+000 8.17010e-002
8.08267e+001 -1.76680e+000 8.29267e-002
8.09968e+001 -1.75257e+000 8.42255e-002
8.11687e+001 -1.73799e+000 8.56054e-002
8.13422e+001 -1.72301e+000 8.70754e-002
8.15175e+001 -1.70760e+000 8.86462e-002
8.16947e+001 -1.69175e+000 9.03301e-002
8.18740e+001 -1.67539e+000 9.21420e-002
8.20553e+001 -1.65851e+000 9.40992e-002
8.22390e+001 -1.64103e+000 9.62230e-002
8.24250e+001 -1.62292e+000 9.85390e-002
8.26137e+001 -1.60409e+000 1.01079e-001
8.28052e+001 -1.58447e+000 1.03882e-001
8.29997e+001 -1.56397e+000 1.06998e-001
8.31975e+001 -1.54246e+000 1.10491e-001
8.33989e+001 -1.51982e+000 1.14445e-001
8.36042e+001 -1.49587e+000 1.18973e-001
8.38140e+001 -1.47037e+000 1.24231e-001
8.40287e+001 -1.44305e+000 1.30439e-001
8.42491e+001 -1.41350e+000 1.37926e-001
8.44760e+001 -1.38118e+000 1.47198e-001
8.47108e+001 -1.34528e+000 1.59095e-001
8.49551e+001 -1.30454e+000 1.75113e-001
8.52117e+001 -1.25682e+000 1.98249e-001
8.54850e+001 -1.19793e+000 2.35565e-001
8.57837e+001 -1.11789e+000 3.08807e-001
8.61199e+001 -9.85252e-001 5.22011e-001
8.62624e+001 -8.96141e-001 7.58360e-001
8.63832e+001 -7.81596e-001 1.19835e+000
8.64782e+001 -6.35140e-001 1.99331e+000
8.65781e+001 -3.44544e-001 4.23229e+000
8.66206e+001 -1.23928e-001 6.31873e+000
8.66602e+001 1.82435e-001 9.35502e+000
8.66997e+001 6.25489e-001 1.29746e+001
8.67270e+001 1.00019e+000 1.41800e+001
8.67548e+001 1.37987e+000 1.25210e+001
8.67801e+001 1.65252e+000 8.92436e+000
8.68053e+001 1.82988e+000 5.27214e+000
8.68305e+001 1.92821e+000 2.73519e+000
8.68582e+001 1.98040e+000 1.20940e+000
8.68860e+001 2.00272e+000 4.91991e-001
8.69154e+001 2.01164e+000 1.62889e-001
8.69482e+001 2.01422e+000 1.80337e-002
8.69854e+001 2.01363e+000 -3.89201e-002
8.70275e+001 2.01149e+000 -5.85109e-002
8.70759e+001 2.00849e+000 -6.43806e-002
8.71320e+001 2.00482e+000 -6.59706e-002
8.71985e+001 2.00041e+000 -6.64801e-002
8.72792e+001 1.99504e+000 -6.68153e-002
8.73803e+001 1.98826e+000 -6.71979e-002
8.75169e+001 1.97905e+000 -6.77210e-002
8.76691e+001 1.96869e+000 -6.83195e-002
8.78213e+001 1.95825e+000 -6.89355e-002
8.79742e+001 1.94766e+000 -6.95727e-002
8.81274e+001 1.93695e+000 -7.02305e-002
8.82815e+001 1.92608e+000 -7.09128e-002
8.84363e+001 1.91504e+000 -7.16204e-002
8.85921e+001 1.90383e+000 -7.23556e-002
8.87487e+001 1.89244e+000 -7.31203e-002
8.89064e+001 1.88085e+000 -7.39167e-002
8.90650e+001 1.86905e+000 -7.47472e-002
8.92247e+001 1.85705e+000 -7.56144e-002
8.93856e+001 1.84481e+000 -7.65213e-002
8.95476e+001 1.83234e+000 -7.74712e-002
8.97109e+001 1.81961e+000 -7.84678e-002
8.98754e+001 1.80661e+000 -7.95151e-002
9.00412e+001 1.79334e+000 -8.06179e-002
9.02085e+001 1.77975e+000 -8.17815e-002
9.03773e+001 1.76585e+000 -8.30118e-002
9.05476e+001 1.75160e+000 -8.43158e-002
9.07195e+001 1.73699e+000 -8.57015e-002
9.08931e+001 1.72198e+000 -8.71779e-002
9.10686e+001 1.70655e+000 -8.87559e-002
9.12459e+001 1.69066e+000 -9.04480e-002
9.14253e+001 1.67427e+000 -9.22691e-002
9.16068e+001 1.65735e+000 -9.42369e-002
9.17906e+001 1.63983e+000 -9.63727e-002
9.19769e+001 1.62167e+000 -9.87028e-002
9.21657e+001 1.60279e+000 -1.01259e-001
9.23574e+001 1.58312e+000 -1.04081e-001
9.25521e+001 1.56255e+000 -1.07220e-001
9.27501e+001 1.54098e+000 -1.10742e-001
9.29518e+001 1.51825e+000 -1.14730e-001
9.31574e+001 1.49420e+000 -1.19302e-001
9.33675e+001 1.46859e+000 -1.24616e-001
9.35825e+001 1.44113e+000 -1.30899e-001
9.38033e+001 1.41142e+000 -1.38487e-001
9.40307e+001 1.37889e+000 -1.47905e-001
9.42661e+001 1.34271e+000 -1.60022e-001
9.45112e+001 1.30158e+000 -1.76401e-001
9.47687e+001 1.25327e+000 -2.00197e-001
9.50434e+001 1.19338e+000 -2.38952e-001
9.53443e+001 1.11120e+000 -3.16455e-001
9.56823e+001 9.72848e-001 -5.49824e-001
9.58154e+001 8.85444e-001 -7.92736e-001
9.59337e+001 7.67624e-001 -1.26303e+000
9.60267e+001 6.15988e-001 -2.11572e+000
9.61104e+001 3.72890e-001 -3.98285e+000
9.61549e+001 1.54280e-001 -6.02043e+000
9.61948e+001 -1.40911e-001 -8.95142e+000
9.62348e+001 -5.72294e-001 -1.26360e+001
9.62623e+001 -9.44967e-001 -1.41541e+001
9.62907e+001 -1.33748e+000 -1.28842e+001
9.63155e+001 -1.61817e+000 -9.50567e+000
9.63404e+001 -1.80707e+000 -5.80577e+000
9.63652e+001 -1.91507e+000 -3.09776e+000
9.63912e+001 -1.97207e+000 -1.46387e+000
9.64190e+001 -1.99934e+000 -6.05915e-001
9.64478e+001 -2.01036e+000 -2.15187e-001
9.64798e+001 -2.01400e+000 -4.00205e-002
9.65159e+001 -2.01394e+000 3.07856e-002
9.65569e+001 -2.01205e+000 5.58924e-002
9.66037e+001 -2.00921e+000 6.36444e-002
9.66580e+001 -2.00569e+000 6.57708e-002
9.67219e+001 -2.00146e+000 6.63972e-002
9.67990e+001 -1.99633e+000 6.67408e-002
9.68949e+001 -1.98991e+000 6.71047e-002
9.70208e+001 -1.98143e+000 6.75846e-002
9.71778e+001 -1.97077e+000 6.81982e-002
9.73349e+001 -1.96001e+000 6.88305e-002
9.74919e+001 -1.94915e+000 6.94820e-002
9.76490e+001 -1.93819e+000 7.01538e-002
9.78060e+001 -1.92711e+000 7.08470e-002
9.79631e+001 -1.91593e+000 7.15628e-002
9.81201e+001 -1.90463e+000 7.23024e-002
9.82772e+001 -1.89322e+000 7.30673e-002
9.84349e+001 -1.88164e+000 7.38619e-002
9.85935e+001 -1.86986e+000 7.46901e-002
9.87531e+001 -1.85786e+000 7.55548e-002
9.89139e+001 -1.84564e+000 7.64590e-002
9.90758e+001 -1.83319e+000 7.74058e-002
9.92390e+001 -1.82048e+000 7.83991e-002
9.94034e+001 -1.80750e+000 7.94429e-002
9.95692e+001 -1.79424e+000 8.05418e-002
9.97364e+001 -1.78068e+000 8.17011e-002
9.99050e+001 -1.76680e+000 8.29267e-002
1.00000e+002 -1.75889e+000 8.36436e-002
1.00000e-006 1.00000e+000 -1.00000e-006
6.00000e-006 1.00000e+000 -6.00000e-006
3.10000e-005 1.00000e+000 -3.10000e-005
1.56000e-004 1.00000e+000 -1.56000e-004
7.81000e-004 1.00000e+000 -7.81000e-004
3.90600e-003 9.99992e-001 -3.90599e-003
1.95310e-002 9.99809e-001 -1.95301e-002
9.76560e-002 9.95231e-001 -9.77279e-002
3.71860e-001 9.27996e-001 -4.13726e-001
5.20888e-001 8.45958e-001 -7.20975e-001
6.37869e-001 7.36005e-001 -1.22457e+000
7.30525e-001 5.86563e-001 -2.12461e+000
8.07784e-001 3.64395e-001 -3.87247e+000
8.53502e-001 1.44497e-001 -5.93221e+000
8.93760e-001 -1.49144e-001 -8.84781e+000
9.34019e-001 -5.79050e-001 -1.24966e+001
9.61723e-001 -9.50206e-001 -1.39745e+001
9.90364e-001 -1.33992e+000 -1.26796e+001
1.01560e+000 -1.61983e+000 -9.29271e+000
1.04083e+000 -1.80677e+000 -5.62587e+000
1.06607e+000 -1.91268e+000 -2.97386e+000
1.09260e+000 -1.96823e+000 -1.38598e+000
1.12066e+000 -1.99419e+000 -5.70881e-001
1.14984e+000 -2.00466e+000 -1.98913e-001
1.18231e+000 -2.00799e+000 -3.29631e-002
1.21900e+000 -2.00775e+000 3.36232e-002
1.26065e+000 -2.00577e+000 5.70397e-002
1.30829e+000 -2.00284e+000 6.42117e-002
1.36352e+000 -1.99923e+000 6.61741e-002
1.42869e+000 -1.99489e+000 6.67686e-002
1.50742e+000 -1.98962e+000 6.71161e-002
1.60554e+000 -1.98301e+000 6.74944e-002
1.73544e+000 -1.97421e+000 6.79990e-002
1.89093e+000 -1.96359e+000 6.86187e-002
2.04643e+000 -1.95287e+000 6.92572e-002
2.20192e+000 -1.94205e+000 6.99153e-002
2.35742e+000 -1.93113e+000 7.05939e-002
2.51291e+000 -1.92010e+000 7.12942e-002
2.66840e+000 -1.90896e+000 7.20175e-002
2.82473e+000 -1.89764e+000 7.27690e-002
2.98192e+000 -1.88614e+000 7.35507e-002
3.14012e+000 -1.87444e+000 7.43654e-002
3.29936e+000 -1.86253e+000 7.52156e-002
3.45969e+000 -1.85040e+000 7.61041e-002
3.62117e+000 -1.83804e+000 7.70340e-002
3.78385e+000 -1.82543e+000 7.80088e-002
3.94778e+000 -1.81256e+000 7.90325e-002
4.11303e+000 -1.79941e+000 8.01095e-002
4.27965e+000 -1.78596e+000 8.12448e-002
4.44772e+000 -1.77221e+000 8.24440e-002
4.61730e+000 -1.75812e+000 8.37136e-002
4.78847e+000 -1.74368e+000 8.50611e-002
4.96132e+000 -1.72885e+000 8.64950e-002
5.13593e+000 -1.71362e+000 8.80254e-002
5.31240e+000 -1.69794e+000 8.96640e-002
5.49085e+000 -1.68179e+000 9.14244e-002
5.67138e+000 -1.66511e+000 9.33231e-002
5.85413e+000 -1.64787e+000 9.53797e-002
6.03924e+000 -1.63001e+000 9.76179e-002
6.22689e+000 -1.61146e+000 1.00067e-001
6.41726e+000 -1.59216e+000 1.02763e-001
6.61056e+000 -1.57201e+000 1.05751e-001
6.80704e+000 -1.55091e+000 1.09089e-001
7.00698e+000 -1.52873e+000 1.12853e-001
7.21074e+000 -1.50531e+000 1.17143e-001
7.41873e+000 -1.48044e+000 1.22097e-001
7.63145e+000 -1.45386e+000 1.27905e-001
7.84955e+000 -1.42523e+000 1.34849e-001
8.07383e+000 -1.39406e+000 1.43354e-001
8.30539e+000 -1.35967e+000 1.54103e-001
8.54577e+000 -1.32100e+000 1.68282e-001
8.79721e+000 -1.27632e+000 1.88143e-001
9.06334e+000 -1.22248e+000 2.18633e-001
9.35078e+000 -1.15256e+000 2.73242e-001
9.67229e+000 -1.04677e+000 4.05563e-001
9.88101e+000 -9.42774e-001 6.23875e-001
1.00165e+001 -8.38575e-001 9.59488e-001
1.01222e+001 -7.09917e-001 1.55547e+000
1.02102e+001 -5.29360e-001 2.71811e+000
1.02703e+001 -3.19817e-001 4.45415e+000
1.03144e+001 -7.61349e-002 6.79252e+000
1.03536e+001 2.49638e-001 9.99393e+000
1.03929e+001 7.12762e-001 1.34516e+001
1.04199e+001 1.09156e+000 1.40869e+001
1.04472e+001 1.45129e+000 1.17955e+001
1.04745e+001 1.71847e+000 7.69672e+000
1.04985e+001 1.86237e+000 4.47732e+000
1.05224e+001 1.94194e+000 2.34776e+000
1.05505e+001 1.98675e+000 1.01176e+000
1.05785e+001 2.00538e+000 3.99583e-001
1.06085e+001 2.01257e+000 1.20992e-001
1.06422e+001 2.01429e+000 8.69826e-004
1.06804e+001 2.01328e+000 -4.50848e-002
1.07237e+001 2.01092e+000 -6.04354e-002
1.07736e+001 2.00777e+000 -6.49091e-002
1.08317e+001 2.00395e+000 -6.61193e-002
1.09008e+001 1.99937e+000 -6.65535e-002
1.09851e+001 1.99374e+000 -6.68892e-002
1.10919e+001 1.98658e+000 -6.72929e-002
1.12438e+001 1.97631e+000 -6.78780e-002
1.13957e+001 1.96595e+000 -6.84800e-002
1.15481e+001 1.95547e+000 -6.91015e-002
1.17008e+001 1.94487e+000 -6.97426e-002
1.18542e+001 1.93412e+000 -7.04069e-002
1.20084e+001 1.92321e+000 -7.10953e-002
1.21635e+001 1.91213e+000 -7.18101e-002
1.23195e+001 1.90087e+000 -7.25528e-002
1.24764e+001 1.88942e+000 -7.33256e-002
1.26343e+001 1.87778e+000 -7.41307e-002
1.27932e+001 1.86593e+000 -7.49705e-002
1.29533e+001 1.85387e+000 -7.58478e-002
1.31144e+001 1.84157e+000 -7.67656e-002
1.32767e+001 1.82903e+000 -7.77274e-002
1.34403e+001 1.81624e+000 -7.87368e-002
1.36052e+001 1.80317e+000 -7.97982e-002
1.37714e+001 1.78981e+000 -8.09163e-002
1.39391e+001 1.77615e+000 -8.20967e-002
1.41082e+001 1.76216e+000 -8.33457e-002
1.42789e+001 1.74782e+000 -8.46702e-002
1.44513e+001 1.73310e+000 -8.60787e-002
1.46254e+001 1.71799e+000 -8.75806e-002
1.48013e+001 1.70244e+000 -8.91872e-002
1.49792e+001 1.68642e+000 -9.09115e-002
1.51591e+001 1.66990e+000 -9.27691e-002
1.53412e+001 1.65282e+000 -9.47786e-002
1.55256e+001 1.63515e+000 -9.69626e-002
1.57126e+001 1.61680e+000 -9.93484e-002
1.59021e+001 1.59772e+000 -1.01970e-001
1.60946e+001 1.57782e+000 -1.04870e-001
1.62901e+001 1.55701e+000 -1.08102e-001
1.64890e+001 1.53515e+000 -1.11736e-001
1.66917e+001 1.51209e+000 -1.15865e-001
1.68984e+001 1.48766e+000 -1.20613e-001
1.71097e+001 1.46160e+000 -1.26155e-001
1.73262e+001 1.43359e+000 -1.32742e-001
1.75487e+001 1.40320e+000 -1.40748e-001
1.77780e+001 1.36981e+000 -1.50768e-001
1.80157e+001 1.33249e+000 -1.63808e-001
1.82637e+001 1.28976e+000 -1.81721e-001
1.85252e+001 1.23898e+000 -2.08395e-001
1.88056e+001 1.17475e+000 -2.53684e-001
1.91158e+001 1.08286e+000 -3.52024e-001
1.93804e+001 9.66376e-001 -5.64959e-001
1.95238e+001 8.67423e-001 -8.53722e-001
1.96364e+001 7.46345e-001 -1.36615e+000
1.97269e+001 5.85626e-001 -2.31796e+000
1.97987e+001 3.65703e-001 -4.04557e+000
1.98440e+001 1.38226e-001 -6.17791e+000
1.98837e+001 -1.62566e-001 -9.16262e+000
1.99234e+001 -5.99653e-001 -1.28144e+001
1.99507e+001 -9.72387e-001 -1.41744e+001
1.99788e+001 -1.35832e+000 -1.27118e+001
2.00038e+001 -1.63497e+000 -9.22624e+000
2.00288e+001 -1.81819e+000 -5.54795e+000
2.00538e+001 -1.92146e+000 -2.92225e+000
2.00805e+001 -1.97605e+000 -1.34291e+000
2.01083e+001 -2.00093e+000 -5.52530e-001
2.01373e+001 -2.01097e+000 -1.90619e-001
2.01697e+001 -2.01412e+000 -2.96218e-002
2.02063e+001 -2.01381e+000 3.46631e-002
2.02478e+001 -2.01181e+000 5.71508e-002
2.02953e+001 -2.00889e+000 6.40006e-002
2.03504e+001 -2.00530e+000 6.58669e-002
2.04154e+001 -2.00100e+000 6.64353e-002
2.04941e+001 -1.99576e+000 6.67739e-002
2.05922e+001 -1.98919e+000 6.71457e-002
2.07225e+001 -1.98040e+000 6.76434e-002
2.08769e+001 -1.96991e+000 6.82483e-002
2.10314e+001 -1.95933e+000 6.88712e-002
2.11858e+001 -1.94864e+000 6.95128e-002
2.13402e+001 -1.93786e+000 7.01741e-002
2.14946e+001 -1.92697e+000 7.08561e-002
2.16495e+001 -1.91594e+000 7.15622e-002
2.18052e+001 -1.90474e+000 7.22953e-002
2.19618e+001 -1.89336e+000 7.30575e-002
2.21193e+001 -1.88179e+000 7.38513e-002
2.22779e+001 -1.87001e+000 7.46790e-002
2.24375e+001 -1.85802e+000 7.55431e-002
2.25983e+001 -1.84581e+000 7.64467e-002
2.27602e+001 -1.83335e+000 7.73930e-002
2.29234e+001 -1.82065e+000 7.83856e-002
2.30878e+001 -1.80767e+000 7.94287e-002
2.32535e+001 -1.79442e+000 8.05268e-002
2.34207e+001 -1.78086e+000 8.16853e-002
2.35893e+001 -1.76698e+000 8.29100e-002
2.37595e+001 -1.75277e+000 8.42078e-002
2.39313e+001 -1.73818e+000 8.55866e-002
2.41048e+001 -1.72321e+000 8.70553e-002
2.42801e+001 -1.70781e+000 8.86247e-002
2.44573e+001 -1.69196e+000 9.03071e-002
2.46365e+001 -1.67561e+000 9.21171e-002
2.48178e+001 -1.65873e+000 9.40723e-002
2.50014e+001 -1.64127e+000 9.61938e-002
2.51875e+001 -1.62316e+000 9.85070e-002
2.53761e+001 -1.60434e+000 1.01044e-001
2.55675e+001 -1.58473e+000 1.03843e-001
2.57620e+001 -1.56424e+000 1.06954e-001
2.59597e+001 -1.54276e+000 1.10442e-001
2.61611e+001 -1.52013e+000 1.14389e-001
2.63664e+001 -1.49619e+000 1.18909e-001
2.65760e+001 -1.47072e+000 1.24155e-001
2.67907e+001 -1.44342e+000 1.30350e-001
2.70110e+001 -1.41391e+000 1.37816e-001
2.72379e+001 -1.38163e+000 1.47061e-001
2.74725e+001 -1.34578e+000 1.58915e-001
2.77167e+001 -1.30512e+000 1.74864e-001
2.79731e+001 -1.25751e+000 1.97874e-001
2.82462e+001 -1.19882e+000 2.34918e-001
2.85445e+001 -1.11918e+000 3.07366e-001
2.88803e+001 -9.87626e-001 5.16864e-001
2.90246e+001 -8.98140e-001 7.52084e-001
2.91458e+001 -7.84232e-001 1.18642e+000
2.92413e+001 -6.38701e-001 1.97101e+000
2.93417e+001 -3.49825e-001 4.18542e+000
2.93844e+001 -1.30580e-001 6.25316e+000
2.94241e+001 1.73283e-001 9.26656e+000
2.94637e+001 6.13744e-001 1.29028e+001
2.94910e+001 9.87467e-001 1.41793e+001
2.95190e+001 1.36998e+000 1.26101e+001
2.95440e+001 1.64408e+000 9.07076e+000
2.95691e+001 1.82406e+000 5.41007e+000
2.95942e+001 1.92476e+000 2.83111e+000
2.96213e+001 1.97815e+000 1.27846e+000
2.96491e+001 2.00179e+000 5.23469e-001
2.96783e+001 2.01130e+000 1.77286e-001
2.97109e+001 2.01417e+000 2.40292e-002
2.97477e+001 2.01373e+000 -3.67265e-002
2.97895e+001 2.01166e+000 -5.78129e-002
2.98374e+001 2.00871e+000 -6.41863e-002
2.98930e+001 2.00508e+000 -6.59173e-002
2.99587e+001 2.00073e+000 -6.64566e-002
3.00383e+001 1.99542e+000 -6.67932e-002
3.01378e+001 1.98876e+000 -6.71699e-002
3.02709e+001 1.97978e+000 -6.76789e-002
3.04242e+001 1.96936e+000 -6.82804e-002
3.05775e+001 1.95885e+000 -6.88996e-002
3.07307e+001 1.94824e+000 -6.95373e-002
3.08840e+001 1.93753e+000 -7.01944e-002
3.10381e+001 1.92667e+000 -7.08755e-002
3.11929e+001 1.91564e+000 -7.15817e-002
3.13486e+001 1.90444e+000 -7.23154e-002
3.15052e+001 1.89305e+000 -7.30785e-002
3.16628e+001 1.88147e+000 -7.38732e-002
3.18214e+001 1.86969e+000 -7.47018e-002
3.19810e+001 1.85770e+000 -7.55669e-002
3.21418e+001 1.84547e+000 -7.64716e-002
3.23038e+001 1.83301e+000 -7.74191e-002
3.24670e+001 1.82030e+000 -7.84130e-002
3.26314e+001 1.80732e+000 -7.94575e-002
3.27972e+001 1.79406e+000 -8.05572e-002
3.29644e+001 1.78049e+000 -8.17174e-002
3.31331e+001 1.76660e+000 -8.29440e-002
3.33033e+001 1.75238e+000 -8.42439e-002
3.34751e+001 1.73778e+000 -8.56249e-002
3.36486e+001 1.72280e+000 -8.70963e-002
3.38240e+001 1.70739e+000 -8.86685e-002
3.40012e+001 1.69152e+000 -9.03541e-002
3.41805e+001 1.67517e+000 -9.21678e-002
3.43619e+001 1.65827e+000 -9.41272e-002
3.45456e+001 1.64079e+000 -9.62535e-002
3.47317e+001 1.62266e+000 -9.85723e-002
3.49204e+001 1.60382e+000 -1.01115e-001
3.51119e+001 1.58419e+000 -1.03922e-001
3.53065e+001 1.56368e+000 -1.07043e-001
3.55043e+001 1.54216e+000 -1.10542e-001
3.57057e+001 1.51950e+000 -1.14503e-001
3.59111e+001 1.49553e+000 -1.19040e-001
3.61209e+001 1.47001e+000 -1.24309e-001
3.63357e+001 1.44266e+000 -1.30532e-001
3.65562e+001 1.41308e+000 -1.38039e-001
3.67832e+001 1.38071e+000 -1.47341e-001
3.70181e+001 1.34476e+000 -1.59282e-001
3.72626e+001 1.30394e+000 -1.75373e-001
3.75194e+001 1.25610e+000 -1.98641e-001
3.77930e+001 1.19701e+000 -2.36243e-001
3.80922e+001 1.11655e+000 -3.10323e-001
3.84288e+001 9.82767e-001 -5.27459e-001
3.85692e+001 8.94031e-001 -7.65035e-001
3.86895e+001 7.78824e-001 -1.21099e+000
3.87842e+001 6.31378e-001 -2.01704e+000
3.88835e+001 3.38933e-001 -4.28230e+000
3.89258e+001 1.16848e-001 -6.38865e+000
3.89653e+001 -1.92231e-001 -9.44935e+000
3.90048e+001 -6.38104e-001 -1.30498e+001
3.90320e+001 -1.01367e+000 -1.41772e+001
3.90598e+001 -1.39033e+000 -1.24238e+001
3.90882e+001 -1.68708e+000 -8.29968e+000
3.91118e+001 -1.84243e+000 -4.96985e+000
3.91355e+001 -1.93062e+000 -2.66784e+000
3.91642e+001 -1.98261e+000 -1.14102e+000
3.91929e+001 -2.00404e+000 -4.46481e-001
3.92226e+001 -2.01211e+000 -1.42132e-001
3.92558e+001 -2.01427e+000 -9.47504e-003
3.92934e+001 -2.01347e+000 4.20165e-002
3.93362e+001 -2.01122e+000 5.94847e-002
3.93852e+001 -2.00815e+000 6.46494e-002
3.94422e+001 -2.00441e+000 6.60453e-002
3.95100e+001 -1.99992e+000 6.65153e-002
3.95923e+001 -1.99443e+000 6.68500e-002
3.96960e+001 -1.98748e+000 6.72421e-002
3.98389e+001 -1.97783e+000 6.77905e-002
3.99898e+001 -1.96756e+000 6.83857e-002
4.01406e+001 -1.95720e+000 6.89982e-002
4.02933e+001 -1.94661e+000 6.96363e-002
4.04464e+001 -1.93590e+000 7.02957e-002
4.06006e+001 -1.92501e+000 7.09804e-002
4.07555e+001 -1.91396e+000 7.16905e-002
4.09113e+001 -1.90273e+000 7.24285e-002
4.10680e+001 -1.89132e+000 7.31962e-002
4.12258e+001 -1.87971e+000 7.39958e-002
4.13845e+001 -1.86790e+000 7.48297e-002
4.15444e+001 -1.85587e+000 7.57007e-002
4.17053e+001 -1.84361e+000 7.66116e-002
4.18675e+001 -1.83111e+000 7.75658e-002
4.20308e+001 -1.81836e+000 7.85671e-002
4.21955e+001 -1.80534e+000 7.96196e-002
4.23615e+001 -1.79203e+000 8.07281e-002
4.25289e+001 -1.77842e+000 8.18978e-002
4.26978e+001 -1.76448e+000 8.31350e-002
4.28682e+001 -1.75020e+000 8.44466e-002
4.30403e+001 -1.73555e+000 8.58406e-002
4.32141e+001 -1.72050e+000 8.73264e-002
4.33898e+001 -1.70503e+000 8.89149e-002
4.35673e+001 -1.68909e+000 9.06188e-002
4.37469e+001 -1.67266e+000 9.24533e-002
4.39286e+001 -1.65568e+000 9.44364e-002
4.41127e+001 -1.63810e+000 9.65899e-002
4.42991e+001 -1.61987e+000 9.89403e-002
4.44883e+001 -1.60092e+000 1.01520e-001
4.46802e+001 -1.58116e+000 1.04371e-001
4.48752e+001 -1.56050e+000 1.07544e-001
4.50736e+001 -1.53882e+000 1.11107e-001
4.52756e+001 -1.51598e+000 1.15146e-001
4.54816e+001 -1.49179e+000 1.19782e-001
4.56922e+001 -1.46601e+000 1.25179e-001
4.59078e+001 -1.43835e+000 1.31571e-001
4.61292e+001 -1.40839e+000 1.39310e-001
4.63573e+001 -1.37555e+000 1.48945e-001
4.65935e+001 -1.33896e+000 1.61390e-001
4.68396e+001 -1.29725e+000 1.78312e-001
4.70986e+001 -1.24807e+000 2.03114e-001
4.73753e+001 -1.18665e+000 2.44105e-001
4.76796e+001 -1.10116e+000 3.28460e-001
4.79677e+001 -9.82891e-001 5.27185e-001
4.81187e+001 -8.86050e-001 7.90753e-001
4.82360e+001 -7.69866e-001 1.25249e+000
4.83294e+001 -6.18978e-001 2.09634e+000
4.84149e+001 -3.71224e-001 3.99736e+000
4.84592e+001 -1.52822e-001 6.03469e+000
4.84991e+001 1.42894e-001 8.97083e+000
4.85390e+001 5.74835e-001 1.26530e+001
4.85665e+001 9.47500e-001 1.41566e+001
4.85949e+001 1.33940e+000 1.28688e+001
4.86198e+001 1.62015e+000 9.47321e+000
4.86447e+001 1.80862e+000 5.77002e+000
4.86696e+001 1.91608e+000 3.07009e+000
4.86957e+001 1.97269e+000 1.44515e+000
4.87235e+001 1.99958e+000 5.97776e-001
4.87523e+001 2.01046e+000 2.11437e-001
4.87844e+001 2.01402e+000 3.84257e-002
4.88206e+001 2.01392e+000 -3.13836e-002
4.88616e+001 2.01202e+000 -5.60876e-002
4.89086e+001 2.00917e+000 -6.36999e-002
4.89629e+001 2.00563e+000 -6.57858e-002
4.90270e+001 2.00139e+000 -6.64029e-002
4.91043e+001 1.99625e+000 -6.67456e-002
4.92005e+001 1.98981e+000 -6.71107e-002
4.93271e+001 1.98129e+000 -6.75931e-002
4.94836e+001 1.97065e+000 -6.82051e-002
4.96402e+001 1.95992e+000 -6.88357e-002
4.97968e+001 1.94909e+000 -6.94855e-002
4.99534e+001 1.93816e+000 -7.01554e-002
5.01100e+001 1.92712e+000 -7.08466e-002
5.02666e+001 1.91597e+000 -7.15602e-002
5.04232e+001 1.90471e+000 -7.22975e-002
5.05799e+001 1.89332e+000 -7.30605e-002
5.07375e+001 1.88174e+000 -7.38547e-002
5.08961e+001 1.86996e+000 -7.46825e-002
5.10558e+001 1.85797e+000 -7.55468e-002
5.12165e+001 1.84575e+000 -7.64506e-002
5.13785e+001 1.83330e+000 -7.73971e-002
5.15416e+001 1.82059e+000 -7.83899e-002
5.17060e+001 1.80762e+000 -7.94332e-002
5.18718e+001 1.79436e+000 -8.05316e-002
5.20389e+001 1.78080e+000 -8.16903e-002
5.22076e+001 1.76692e+000 -8.29153e-002
5.23778e+001 1.75270e+000 -8.42135e-002
5.25495e+001 1.73812e+000 -8.55926e-002
5.27230e+001 1.72314e+000 -8.70617e-002
5.28984e+001 1.70774e+000 -8.86315e-002
5.30756e+001 1.69189e+000 -9.03144e-002
5.32548e+001 1.67554e+000 -9.21250e-002
5.34361e+001 1.65866e+000 -9.40809e-002
5.36198e+001 1.64119e+000 -9.62031e-002
5.38058e+001 1.62308e+000 -9.85172e-002
5.39945e+001 1.60426e+000 -1.01055e-001
5.41859e+001 1.58465e+000 -1.03855e-001
5.43804e+001 1.56415e+000 -1.06968e-001
5.45781e+001 1.54266e+000 -1.10457e-001
5.47795e+001 1.52003e+000 -1.14407e-001
5.49848e+001 1.49609e+000 -1.18929e-001
5.51945e+001 1.47061e+000 -1.24179e-001
5.54092e+001 1.44330e+000 -1.30378e-001
5.56295e+001 1.41378e+000 -1.37851e-001
5.58564e+001 1.38149e+000 -1.47105e-001
5.60911e+001 1.34562e+000 -1.58972e-001
5.63353e+001 1.30494e+000 -1.74943e-001
5.65918e+001 1.25729e+000 -1.97993e-001
5.68649e+001 1.19854e+000 -2.35123e-001
5.71633e+001 1.11877e+000 -3.07823e-001
5.74993e+001 9.86871e-001 -5.18493e-001
5.76430e+001 8.97506e-001 -7.54068e-001
5.77641e+001 7.83396e-001 -1.19020e+000
5.78594e+001 6.37573e-001 -1.97806e+000
5.79597e+001 3.48155e-001 -4.20022e+000
5.80023e+001 1.28478e-001 -6.27387e+000
5.80419e+001 -1.76169e-001 -9.29450e+000
5.80816e+001 -6.17445e-001 -1.29256e+001
5.81088e+001 -9.91500e-001 -1.41799e+001
5.81368e+001 -1.37312e+000 -1.25822e+001
5.81619e+001 -1.64671e+000 -9.02542e+000
5.81870e+001 -1.82585e+000 -5.36777e+000
5.82121e+001 -1.92581e+000 -2.80192e+000
5.82394e+001 -1.97883e+000 -1.25761e+000
5.82672e+001 -2.00207e+000 -5.14002e-001
5.82964e+001 -2.01140e+000 -1.72951e-001
5.83291e+001 -2.01418e+000 -2.22190e-002
5.83660e+001 -2.01370e+000 3.73908e-002
5.84079e+001 -2.01161e+000 5.80250e-002
5.84559e+001 -2.00864e+000 6.42454e-002
5.85117e+001 -2.00500e+000 6.59335e-002
5.85776e+001 -2.00063e+000 6.64636e-002
5.86575e+001 -1.99531e+000 6.67997e-002
5.87575e+001 -1.98861e+000 6.71781e-002
5.88916e+001 -1.97957e+000 6.76912e-002
5.90446e+001 -1.96917e+000 6.82917e-002
5.91975e+001 -1.95868e+000 6.89098e-002
5.93506e+001 -1.94808e+000 6.95469e-002
5.95038e+001 -1.93738e+000 7.02041e-002
5.96578e+001 -1.92651e+000 7.08854e-002
5.98127e+001 -1.91548e+000 7.15920e-002
5.99684e+001 -1.90428e+000 7.23262e-002
6.01250e+001 -1.89289e+000 7.30897e-002
6.02826e+001 -1.88131e+000 7.38848e-002
6.04412e+001 -1.86952e+000 7.47139e-002
6.06009e+001 -1.85752e+000 7.55796e-002
6.07617e+001 -1.84530e+000 7.64849e-002
6.09237e+001 -1.83283e+000 7.74330e-002
6.10869e+001 -1.82012e+000 7.84276e-002
6.12513e+001 -1.80713e+000 7.94729e-002
6.14171e+001 -1.79386e+000 8.05734e-002
6.15844e+001 -1.78029e+000 8.17345e-002
6.17530e+001 -1.76640e+000 8.29621e-002
6.19233e+001 -1.75217e+000 8.42630e-002
6.20951e+001 -1.73757e+000 8.56453e-002
6.22687e+001 -1.72258e+000 8.71180e-002
6.24441e+001 -1.70717e+000 8.86918e-002
6.26213e+001 -1.69129e+000 9.03791e-002
6.28006e+001 -1.67493e+000 9.21948e-002
6.29821e+001 -1.65803e+000 9.41564e-002
6.31658e+001 -1.64053e+000 9.62852e-002
6.33519e+001 -1.62240e+000 9.86070e-002
6.35407e+001 -1.60355e+000 1.01154e-001
6.37322e+001 -1.58391e+000 1.03965e-001
6.39268e+001 -1.56338e+000 1.07090e-001
6.41247e+001 -1.54185e+000 1.10595e-001
6.43262e+001 -1.51917e+000 1.14563e-001
6.45317e+001 -1.49517e+000 1.19110e-001
6.47415e+001 -1.46963e+000 1.24390e-001
6.49564e+001 -1.44225e+000 1.30630e-001
6.51770e+001 -1.41264e+000 1.38158e-001
6.54041e+001 -1.38023e+000 1.47491e-001
6.56391e+001 -1.34421e+000 1.59478e-001
6.58837e+001 -1.30332e+000 1.75645e-001
6.61407e+001 -1.25535e+000 1.99052e-001
6.64146e+001 -1.19605e+000 2.36956e-001
6.67143e+001 -1.11513e+000 3.11925e-001
6.70512e+001 -9.80154e-001 5.33255e-001
6.71897e+001 -8.91794e-001 7.72168e-001
6.73095e+001 -7.75895e-001 1.22445e+000
6.74037e+001 -6.27383e-001 2.04240e+000
6.75024e+001 -3.32938e-001 4.33595e+000
6.75445e+001 -1.09269e-001 6.46360e+000
6.75840e+001 2.02781e-001 9.55051e+000
6.76234e+001 6.51739e-001 1.31287e+001
6.76505e+001 1.02746e+000 1.41705e+001
6.76782e+001 1.40096e+000 1.23218e+001
6.77059e+001 1.68824e+000 8.27795e+000
6.77295e+001 1.84316e+000 4.95206e+000
6.77532e+001 1.93103e+000 2.65631e+000
6.77820e+001 1.98291e+000 1.13161e+000
6.78108e+001 2.00421e+000 4.40665e-001
6.78406e+001 2.01217e+000 1.39495e-001
6.78738e+001 2.01427e+000 8.39535e-003
6.79115e+001 2.01345e+000 -4.24040e-002
6.79543e+001 2.01119e+000 -5.96056e-002
6.80034e+001 2.00811e+000 -6.46825e-002
6.80606e+001 2.00436e+000 -6.60547e-002
6.81285e+001 1.99986e+000 -6.65200e-002
6.82111e+001 1.99435e+000 -6.68546e-002
6.83152e+001 1.98737e+000 -6.72481e-002
6.84590e+001 1.97766e+000 -6.78003e-002
6.86097e+001 1.96740e+000 -6.83952e-002
6.87605e+001 1.95703e+000 -6.90078e-002
6.89132e+001 1.94645e+000 -6.96461e-002
6.90663e+001 1.93574e+000 -7.03059e-002
6.92204e+001 1.92485e+000 -7.09908e-002
6.93754e+001 1.91380e+000 -7.17014e-002
6.95312e+001 1.90256e+000 -7.24398e-002
6.96880e+001 1.89115e+000 -7.32080e-002
6.98457e+001 1.87954e+000 -7.40081e-002
7.00045e+001 1.86772e+000 -7.48425e-002
7.01643e+001 1.85569e+000 -7.57140e-002
7.03253e+001 1.84343e+000 -7.66256e-002
7.04875e+001 1.83092e+000 -7.75805e-002
7.06509e+001 1.81817e+000 -7.85825e-002
7.08155e+001 1.80514e+000 -7.96358e-002
7.09815e+001 1.79183e+000 -8.07452e-002
7.11490e+001 1.77821e+000 -8.19159e-002
7.13179e+001 1.76427e+000 -8.31542e-002
7.14884e+001 1.74998e+000 -8.44669e-002
7.16605e+001 1.73533e+000 -8.58622e-002
7.18343e+001 1.72027e+000 -8.73495e-002
7.20100e+001 1.70479e+000 -8.89396e-002
7.21875e+001 1.68885e+000 -9.06454e-002
7.23672e+001 1.67241e+000 -9.24819e-002
7.25489e+001 1.65542e+000 -9.44674e-002
7.27330e+001 1.63783e+000 -9.66237e-002
7.29195e+001 1.61959e+000 -9.89773e-002
7.31087e+001 1.60063e+000 -1.01561e-001
7.33007e+001 1.58086e+000 -1.04416e-001
7.34958e+001 1.56018e+000 -1.07595e-001
7.36942e+001 1.53849e+000 -1.11163e-001
7.38962e+001 1.51563e+000 -1.15211e-001
7.41023e+001 1.49141e+000 -1.19857e-001
7.43129e+001 1.46561e+000 -1.25267e-001
7.45286e+001 1.43792e+000 -1.31677e-001
7.47501e+001 1.40792e+000 -1.39440e-001
7.49783e+001 1.37503e+000 -1.49108e-001
7.52147e+001 1.33837e+000 -1.61606e-001
7.54610e+001 1.29658e+000 -1.78614e-001
7.57201e+001 1.24725e+000 -2.03578e-001
7.59972e+001 1.18559e+000 -2.44934e-001
7.63020e+001 1.09955e+000 -3.30433e-001
7.65879e+001 9.81484e-001 -5.30297e-001
7.67382e+001 8.84466e-001 -7.95946e-001
7.68551e+001 7.67864e-001 -1.26190e+000
7.69482e+001 6.16202e-001 -2.11433e+000
7.70320e+001 3.72828e-001 -3.98339e+000
7.70765e+001 1.54277e-001 -6.02045e+000
7.71164e+001 -1.40916e-001 -8.95147e+000
7.71564e+001 -5.72303e-001 -1.26361e+001
7.71839e+001 -9.44976e-001 -1.41541e+001
7.72123e+001 -1.33749e+000 -1.28841e+001
7.72372e+001 -1.61817e+000 -9.50556e+000
7.72620e+001 -1.80707e+000 -5.80565e+000
7.72868e+001 -1.91507e+000 -3.09766e+000
7.73128e+001 -1.97207e+000 -1.46381e+000
7.73407e+001 -1.99934e+000 -6.05887e-001
7.73694e+001 -2.01037e+000 -2.15174e-001
7.74014e+001 -2.01400e+000 -4.00150e-002
7.74375e+001 -2.01394e+000 3.07877e-002
7.74785e+001 -2.01205e+000 5.58931e-002
7.75254e+001 -2.00921e+000 6.36446e-002
7.75796e+001 -2.00569e+000 6.57709e-002
7.76436e+001 -2.00146e+000 6.63972e-002
7.77207e+001 -1.99633e+000 6.67408e-002
7.78165e+001 -1.98991e+000 6.71048e-002
7.79424e+001 -1.98143e+000 6.75846e-002
7.80995e+001 -1.97077e+000 6.81982e-002
7.82565e+001 -1.96001e+000 6.88305e-002
7.84136e+001 -1.94915e+000 6.94820e-002
7.85706e+001 -1.93819e+000 7.01538e-002
7.87277e+001 -1.92711e+000 7.08470e-002
7.88847e+001 -1.91593e+000 7.15628e-002
7.90418e+001 -1.90463e+000 7.23024e-002
7.91988e+001 -1.89322e+000 7.30672e-002
7.93565e+001 -1.88164e+000 7.38619e-002
7.95151e+001 -1.86986e+000 7.46901e-002
7.96748e+001 -1.85786e+000 7.55548e-002
7.98355e+001 -1.84564e+000 7.64589e-002
7.99975e+001 -1.83319e+000 7.74058e-002
8.01606e+001 -1.82048e+000 7.83991e-002
8.03251e+001 -1.80750e+000 7.94428e-002
8.04908e+001 -1.79424e+000 8.05418e-002
8.06580e+001 -1.78068e+000 8.17010e-002
8.08267e+001 -1.76680e+000 8.29267e-002
8.09968e+001 -1.75257e+000 8.42255e-002
8.11687e+001 -1.73799e+000 8.56054e-002
8.13422e+001 -1.72301e+000 8.70754e-002
8.15175e+001 -1.70760e+000 8.86462e-002
8.16947e+001 -1.69175e+000 9.03301e-002
8.18740e+001 -1.67539e+000 9.21420e-002
8.20553e+001 -1.65851e+000 9.40992e-002
8.22390e+001 -1.64103e+000 9.62230e-002
8.24250e+001 -1.62292e+000 9.85390e-002
8.26137e+001 -1.60409e+000 1.01079e-001
8.28052e+001 -1.58447e+000 1.03882e-001
8.29997e+001 -1.56397e+000 1.06998e-001
8.31975e+001 -1.54246e+000 1.10491e-001
8.33989e+001 -1.51982e+000 1.14445e-001
8.36042e+001 -1.49587e+000 1.18973e-001
8.38140e+001 -1.47037e+000 1.24231e-001
8.40287e+001 -1.44305e+000 1.30439e-001
8.42491e+001 -1.41350e+000 1.37926e-001
8.44760e+001 -1.38118e+000 1.47198e-001
8.47108e+001 -1.34528e+000 1.59095e-001
8.49551e+001 -1.30454e+000 1.75113e-001
8.52117e+001 -1.25682e+000 1.98249e-001
8.54850e+001 -1.19793e+000 2.35565e-001
8.57837e+001 -1.11789e+000 3.08807e-001
8.61199e+001 -9.85252e-001 5.22011e-001
8.62624e+001 -8.96141e-001 7.58360e-001
8.63832e+001 -7.81596e-001 1.19835e+000
8.64782e+001 -6.35140e-001 1.99331e+000
8.65781e+001 -3.44544e-001 4.23229e+000
8.66206e+001 -1.23928e-001 6.31873e+000
8.66602e+001 1.82435e-001 9.35502e+000
8.66997e+001 6.25489e-001 1.29746e+001
8.67270e+001 1.00019e+000 1.41800e+001
8.67548e+001 1.37987e+000 1.25210e+001
8.67801e+001 1.65252e+000 8.92436e+000
8.68053e+001 1.82988e+000 5.27214e+000
8.68305e+001 1.92821e+000 2.73519e+000
8.68582e+001 1.98040e+000 1.20940e+000
8.68860e+001 2.00272e+000 4.91991e-001
8.69154e+001 2.01164e+000 1.62889e-001
8.69482e+001 2.01422e+000 1.80337e-002
8.69854e+001 2.01363e+000 -3.89201e-002
8.70275e+001 2.01149e+000 -5.85109e-002
8.70759e+001 2.00849e+000 -6.43806e-002
8.71320e+001 2.00482e+000 -6.59706e-002
8.71985e+001 2.00041e+000 -6.64801e-002
8.72792e+001 1.99504e+000 -6.68153e-002
8.73803e+001 1.98826e+000 -6.71979e-002
8.75169e+001 1.97905e+000 -6.77210e-002
8.76691e+001 1.96869e+000 -6.83195e-002
8.78213e+001 1.95825e+000 -6.89355e-002
8.79742e+001 1.94766e+000 -6.95727e-002
8.81274e+001 1.93695e+000 -7.02305e-002
8.82815e+001 1.92608e+000 -7.09128e-002
8.84363e+001 1.91504e+000 -7.16204e-002
8.85921e+001 1.90383e+000 -7.23556e-002
8.87487e+001 1.89244e+000 -7.31203e-002
8.89064e+001 1.88085e+000 -7.39167e-002
8.90650e+001 1.86905e+000 -7.47472e-002
8.92247e+001 1.85705e+000 -7.56144e-002
8.93856e+001 1.84481e+000 -7.65213e-002
8.95476e+001 1.83234e+000 -7.74712e-002
8.97109e+001 1.81961e+000 -7.84678e-002
8.98754e+001 1.80661e+000 -7.95151e-002
9.00412e+001 1.79334e+000 -8.06179e-002
9.02085e+001 1.77975e+000 -8.17815e-002
9.03773e+001 1.76585e+000 -8.30118e-002
9.05476e+001 1.75160e+000 -8.43158e-002
9.07195e+001 1.73699e+000 -8.57015e-002
9.08931e+001 1.72198e+000 -8.71779e-002
9.10686e+001 1.70655e+000 -8.87559e-002
9.12459e+001 1.69066e+000 -9.04480e-002
9.14253e+001 1.67427e+000 -9.22691e-002
9.16068e+001 1.65735e+000 -9.42369e-002
9.17906e+001 1.63983e+000 -9.63727e-002
9.19769e+001 1.62167e+000 -9.87028e-002
9.21657e+001 1.60279e+000 -1.01259e-001
9.23574e+001 1.58312e+000 -1.04081e-001
9.25521e+001 1.56255e+000 -1.07220e-001
9.27501e+001 1.54098e+000 -1.10742e-001
9.29518e+001 1.51825e+000 -1.14730e-001
9.31574e+001 1.49420e+000 -1.19302e-001
9.33675e+001 1.46859e+000 -1.24616e-001
9.35825e+001 1.44113e+000 -1.30899e-001
9.38033e+001 1.41142e+000 -1.38487e-001
9.40307e+001 1.37889e+000 -1.47905e-001
9.42661e+001 1.34271e+000 -1.60022e-001
9.45112e+001 1.30158e+000 -1.76401e-001
9.47687e+001 1.25327e+000 -2.00197e-001
9.50434e+001 1.19338e+000 -2.38952e-001
9.53443e+001 1.11120e+000 -3.16455e-001
9.56823e+001 9.72848e-001 -5.49824e-001
9.58154e+001 8.85444e-001 -7.92736e-001
9.59337e+001 7.67624e-001 -1.26303e+000
9.60267e+001 6.15988e-001 -2.11572e+000
9.61104e+001 3.72890e-001 -3.98285e+000
9.61549e+001 1.54280e-001 -6.02043e+000
9.61948e+001 -1.40911e-001 -8.95142e+000
9.62348e+001 -5.72294e-001 -1.26360e+001
9.62623e+001 -9.44967e-001 -1.41541e+001
9.62907e+001 -1.33748e+000 -1.28842e+001
9.63155e+001 -1.61817e+000 -9.50567e+000
9.63404e+001 -1.80707e+000 -5.80577e+000
9.63652e+001 -1.91507e+000 -3.09776e+000
9.63912e+001 -1.97207e+000 -1.46387e+000
9.64190e+001 -1.99934e+000 -6.05915e-001
9.64478e+001 -2.01036e+000 -2.15187e-001
9.64798e+001 -2.01400e+000 -4.00205e-002
9.65159e+001 -2.01394e+000 3.07856e-002
9.65569e+001 -2.01205e+000 5.58924e-002
9.66037e+001 -2.00921e+000 6.36444e-002
9.66580e+001 -2.00569e+000 6.57708e-002
9.67219e+001 -2.00146e+000 6.63972e-002
9.67990e+001 -1.99633e+000 6.67408e-002
9.68949e+001 -1.98991e+000 6.71047e-002
9.70208e+001 -1.98143e+000 6.75846e-002
9.71778e+001 -1.97077e+000 6.81982e-002
9.73349e+001 -1.96001e+000 6.88305e-002
9.74919e+001 -1.94915e+000 6.94820e-002
9.76490e+001 -1.93819e+000 7.01538e-002
9.78060e+001 -1.92711e+000 7.08470e-002
9.79631e+001 -1.91593e+000 7.15628e-002
9.81201e+001 -1.90463e+000 7.23024e-002
9.82772e+001 -1.89322e+000 7.30673e-002
9.84349e+001 -1.88164e+000 7.38619e-002
9.85935e+001 -1.86986e+000 7.46901e-002
9.87531e+001 -1.85786e+000 7.55548e-002
9.89139e+001 -1.84564e+000 7.64590e-002
9.90758e+001 -1.83319e+000 7.74058e-002
9.92390e+001 -1.82048e+000 7.83991e-002
9.94034e+001 -1.80750e+000 7.94429e-002
9.95692e+001 -1.79424e+000 8.05418e-002
9.97364e+001 -1.78068e+000 8.17011e-002
9.99050e+001 -1.76680e+000 8.29267e-002
1.00000e+002 -1.75889e+000 8.36436e-002
